0,318
49,111
0,315
0,314
0,313
0,312
0,302
0,295
0,283
0,381
0,380
0,379
49,110
0,373
0,372
0,366
0,353
0,347
0,341
0,767
0,765
0,764
49,109
49,141
43,4
43,1
43,5
43,3
3,2
3,1
3,3
10,301
10,223
10,251
10,35
10,175
10,287
10,207
10,153
10,2
10,3
11,24
11,21
11,13
11,8
9,5
8,7
8,11
8,18
8,8
8,6
8,10
62,5
62,4
62,3
62,2
62,1
62,0
61,3
61,2
61,1
61,0
60,7
60,6
60,5
60,4
60,3
60,2
60,1
60,0
59,3
59,2
59,1
59,0
58,5
58,4
58,3
0,361
58,2
58,1
58,0
57,4
57,3
57,2
57,1
57,0
56,5
56,4
56,3
56,2
56,1
52,5
52,3
52,1
49,139
49,138
49,137
49,136
49,135
49,134
49,133
49,132
49,131
49,130
49,129
49,128
49,105
49,104
49,103
49,102
49,101
49,100
49,99
49,98
49,97
49,96
49,95
49,94
49,93
49,92
49,91
49,90
49,89
49,88
49,87
49,86
49,85
49,84
49,83
49,82
49,81
49,80
49,79
49,78
49,77
49,76
49,75
49,63
49,57
49,51
49,47
49,33
49,26
49,3
49,1
48,3
48,1
