500 1.000000 1460.000000
1000 1.000000 1460.000000
1500 1.000000 1460.000000
2000 1.000000 1460.000000
2500 1.000000 1460.000000
3000 1.000000 1460.000000
3500 1.000000 1460.000000
4000 1.000000 1460.000000
4500 1.000000 1460.000000
5000 1.000000 1460.000000
5500 1.000000 1460.000000
6000 1.000000 1460.000000
6500 1.000000 1460.000000
7000 1.000000 1460.000000
7500 1.000000 1460.000000
8000 1.000000 1460.000000
8500 1.000000 1460.000000
9000 1.000000 1460.000000
9500 1.000000 1460.000000
10000 1.000000 1460.000000
10500 1.000000 1460.000000
11000 1.000000 1460.000000
11500 1.000000 1460.000000
12000 1.000000 1460.000000
12500 1.000000 1460.000000
13000 1.000000 1460.000000
13500 1.000000 1460.000000
14000 1.000000 1460.000000
14500 1.000000 1460.000000
15000 1.000000 1460.000000
15500 1.000000 1460.000000
16000 1.000000 1460.000000
16500 1.000000 1460.000000
17000 1.000000 1460.000000
17500 1.000000 1460.000000
18000 1.000000 1460.000000
18500 1.000000 1460.000000
19000 1.000000 1460.000000
19500 1.000000 1460.000000
20000 1.000000 1460.000000
20500 8.000000 11680.000000
21000 8.000000 11680.000000
21500 8.000000 11680.000000
22000 8.000000 11680.000000
22500 8.000000 11680.000000
23000 8.000000 11680.000000
23500 8.000000 11680.000000
24000 8.000000 11680.000000
24500 8.000000 11680.000000
25000 8.000000 11680.000000
25500 8.000000 11680.000000
26000 8.000000 11680.000000
26500 8.000000 11680.000000
27000 8.000000 11680.000000
27500 8.000000 11680.000000
28000 8.000000 11680.000000
28500 8.000000 11680.000000
29000 8.000000 11680.000000
29500 8.000000 11680.000000
30000 8.000000 11680.000000
30500 8.000000 11680.000000
31000 8.000000 11680.000000
31500 8.000000 11680.000000
32000 8.000000 11680.000000
32500 8.000000 11680.000000
33000 8.000000 11680.000000
33500 8.000000 11680.000000
34000 8.000000 11680.000000
34500 8.000000 11680.000000
35000 8.000000 11680.000000
35500 8.000000 11680.000000
36000 8.000000 11680.000000
36500 8.000000 11680.000000
37000 8.000000 11680.000000
37500 8.000000 11680.000000
38000 8.000000 11680.000000
38500 8.000000 11680.000000
39000 8.000000 11680.000000
39500 8.000000 11680.000000
40000 8.000000 11680.000000
40500 8.000000 11680.000000
41000 8.000000 11680.000000
41500 8.000000 11680.000000
42000 8.000000 11680.000000
42500 8.000000 11680.000000
43000 8.000000 11680.000000
43500 8.000000 11680.000000
44000 8.000000 11680.000000
44500 8.000000 11680.000000
45000 8.000000 11680.000000
45500 8.000000 11680.000000
46000 8.000000 11680.000000
46500 8.000000 11680.000000
47000 8.000000 11680.000000
47500 8.000000 11680.000000
48000 8.000000 11680.000000
48500 8.000000 11680.000000
49000 8.000000 11680.000000
49500 8.000000 11680.000000
50000 8.000000 11680.000000
50500 8.000000 11680.000000
51000 8.000000 11680.000000
51500 8.000000 11680.000000
52000 8.000000 11680.000000
52500 8.000000 11680.000000
53000 8.000000 11680.000000
53500 8.000000 11680.000000
54000 8.000000 11680.000000
54500 8.000000 11680.000000
55000 8.000000 11680.000000
55500 8.000000 11680.000000
56000 8.000000 11680.000000
56500 8.000000 11680.000000
57000 8.000000 11680.000000
57500 8.000000 11680.000000
58000 8.000000 11680.000000
58500 8.000000 11680.000000
59000 8.000000 11680.000000
59500 8.000000 11680.000000
60000 8.000000 11680.000000
60500 8.000000 11680.000000
61000 8.000000 11680.000000
61500 8.000000 11680.000000
62000 8.000000 11680.000000
62500 8.000000 11680.000000
63000 8.000000 11680.000000
63500 8.000000 11680.000000
64000 8.000000 11680.000000
64500 15.000000 21900.000000
65000 15.000000 21900.000000
65500 15.000000 21900.000000
66000 15.000000 21900.000000
66500 15.000000 21900.000000
67000 15.000000 21900.000000
67500 15.000000 21900.000000
68000 15.000000 21900.000000
68500 15.000000 21900.000000
69000 15.000000 21900.000000
69500 15.000000 21900.000000
70000 15.000000 21900.000000
70500 15.000000 21900.000000
71000 15.000000 21900.000000
71500 15.000000 21900.000000
72000 15.000000 21900.000000
72500 15.000000 21900.000000
73000 15.000000 21900.000000
73500 15.000000 21900.000000
74000 15.000000 21900.000000
74500 15.000000 21900.000000
75000 15.000000 21900.000000
75500 15.000000 21900.000000
76000 15.000000 21900.000000
76500 15.000000 21900.000000
77000 15.000000 21900.000000
77500 15.000000 21900.000000
78000 15.000000 21900.000000
78500 15.000000 21900.000000
79000 15.000000 21900.000000
79500 15.000000 21900.000000
80000 15.000000 21900.000000
80500 15.000000 21900.000000
81000 15.000000 21900.000000
81500 15.000000 21900.000000
82000 15.000000 21900.000000
82500 15.000000 21900.000000
83000 15.000000 21900.000000
83500 15.000000 21900.000000
84000 15.000000 21900.000000
84500 15.000000 21900.000000
85000 15.000000 21900.000000
85500 15.000000 21900.000000
86000 15.000000 21900.000000
86500 15.000000 21900.000000
87000 15.000000 21900.000000
87500 15.000000 21900.000000
88000 15.000000 21900.000000
88500 15.000000 21900.000000
89000 15.000000 21900.000000
89500 15.000000 21900.000000
90000 15.000000 21900.000000
90500 15.000000 21900.000000
91000 15.000000 21900.000000
91500 15.000000 21900.000000
92000 15.000000 21900.000000
92500 15.000000 21900.000000
93000 15.000000 21900.000000
93500 15.000000 21900.000000
94000 15.000000 21900.000000
94500 15.000000 21900.000000
95000 15.000000 21900.000000
95500 15.000000 21900.000000
96000 15.000000 21900.000000
96500 15.000000 21900.000000
97000 15.000000 21900.000000
97500 15.000000 21900.000000
98000 15.000000 21900.000000
98500 15.000000 21900.000000
99000 15.000000 21900.000000
99500 15.000000 21900.000000
100000 15.000000 21900.000000
100500 15.000000 21900.000000
101000 15.000000 21900.000000
101500 15.000000 21900.000000
102000 15.000000 21900.000000
102500 15.000000 21900.000000
103000 15.000000 21900.000000
103500 15.000000 21900.000000
104000 15.000000 21900.000000
104500 15.000000 21900.000000
105000 15.000000 21900.000000
105500 15.000000 21900.000000
106000 15.000000 21900.000000
106500 15.000000 21900.000000
107000 15.000000 21900.000000
107500 15.000000 21900.000000
108000 16.000000 23360.000000
108500 16.062500 23451.250000
109000 16.062500 23451.250000
109500 16.062500 23451.250000
110000 16.062500 23451.250000
110500 16.062500 23451.250000
111000 16.062500 23451.250000
111500 16.062500 23451.250000
112000 16.062500 23451.250000
112500 16.062500 23451.250000
113000 16.062500 23451.250000
113500 16.062500 23451.250000
114000 16.062500 23451.250000
114500 16.062500 23451.250000
115000 16.062500 23451.250000
115500 16.062500 23451.250000
116000 16.062500 23451.250000
116500 16.062500 23451.250000
117000 16.062500 23451.250000
117500 16.062500 23451.250000
118000 16.062500 23451.250000
118500 16.062500 23451.250000
119000 16.062500 23451.250000
119500 16.062500 23451.250000
120000 16.062500 23451.250000
120500 16.062500 23451.250000
121000 16.062500 23451.250000
121500 16.062500 23451.250000
122000 16.062500 23451.250000
122500 16.062500 23451.250000
123000 16.062500 23451.250000
123500 16.062500 23451.250000
124000 16.062500 23451.250000
124500 16.062500 23451.250000
125000 16.062500 23451.250000
125500 16.062500 23451.250000
126000 16.062500 23451.250000
126500 16.062500 23451.250000
127000 16.062500 23451.250000
127500 16.062500 23451.250000
128000 16.062500 23451.250000
128500 16.062500 23451.250000
129000 16.062500 23451.250000
129500 16.062500 23451.250000
130000 16.062500 23451.250000
130500 16.062500 23451.250000
131000 16.062500 23451.250000
131500 16.062500 23451.250000
132000 16.062500 23451.250000
132500 16.062500 23451.250000
133000 16.062500 23451.250000
133500 16.062500 23451.250000
134000 16.062500 23451.250000
134500 16.062500 23451.250000
135000 16.062500 23451.250000
135500 16.062500 23451.250000
136000 16.062500 23451.250000
136500 16.062500 23451.250000
137000 16.062500 23451.250000
137500 16.062500 23451.250000
138000 16.062500 23451.250000
138500 16.062500 23451.250000
139000 16.062500 23451.250000
139500 16.062500 23451.250000
140000 16.062500 23451.250000
140500 16.062500 23451.250000
141000 16.062500 23451.250000
141500 16.062500 23451.250000
142000 16.062500 23451.250000
142500 16.062500 23451.250000
143000 16.062500 23451.250000
143500 16.062500 23451.250000
144000 16.062500 23451.250000
144500 16.062500 23451.250000
145000 16.062500 23451.250000
145500 16.062500 23451.250000
146000 16.062500 23451.250000
146500 16.062500 23451.250000
147000 16.062500 23451.250000
147500 16.062500 23451.250000
148000 16.062500 23451.250000
148500 16.062500 23451.250000
149000 16.062500 23451.250000
149500 16.062500 23451.250000
150000 16.062500 23451.250000
150500 16.062500 23451.250000
151000 16.062500 23451.250000
151500 16.062500 23451.250000
152000 16.062500 23451.250000
152500 16.186771 23632.685547
153000 16.186771 23632.685547
153500 16.186771 23632.685547
154000 16.186771 23632.685547
154500 16.186771 23632.685547
155000 16.186771 23632.685547
155500 16.186771 23632.685547
156000 16.186771 23632.685547
156500 16.186771 23632.685547
157000 16.186771 23632.685547
157500 16.186771 23632.685547
158000 16.186771 23632.685547
158500 16.186771 23632.685547
159000 16.186771 23632.685547
159500 16.186771 23632.685547
160000 16.186771 23632.685547
160500 16.186771 23632.685547
161000 16.186771 23632.685547
161500 16.186771 23632.685547
162000 16.186771 23632.685547
162500 16.186771 23632.685547
163000 16.186771 23632.685547
163500 16.186771 23632.685547
164000 16.186771 23632.685547
164500 16.186771 23632.685547
165000 16.186771 23632.685547
165500 16.186771 23632.685547
166000 16.186771 23632.685547
166500 16.186771 23632.685547
167000 16.186771 23632.685547
167500 16.186771 23632.685547
168000 16.186771 23632.685547
168500 16.186771 23632.685547
169000 16.186771 23632.685547
169500 16.186771 23632.685547
170000 16.186771 23632.685547
170500 16.186771 23632.685547
171000 16.186771 23632.685547
171500 16.186771 23632.685547
172000 16.186771 23632.685547
172500 16.186771 23632.685547
173000 16.186771 23632.685547
173500 16.186771 23632.685547
174000 16.186771 23632.685547
174500 16.186771 23632.685547
175000 16.186771 23632.685547
175500 16.186771 23632.685547
176000 16.186771 23632.685547
176500 16.186771 23632.685547
177000 16.186771 23632.685547
177500 16.186771 23632.685547
178000 16.186771 23632.685547
178500 16.186771 23632.685547
179000 16.186771 23632.685547
179500 16.186771 23632.685547
180000 16.186771 23632.685547
180500 16.186771 23632.685547
181000 16.186771 23632.685547
181500 16.186771 23632.685547
182000 16.186771 23632.685547
182500 16.186771 23632.685547
183000 16.186771 23632.685547
183500 16.186771 23632.685547
184000 16.186771 23632.685547
184500 16.186771 23632.685547
185000 16.186771 23632.685547
185500 16.186771 23632.685547
186000 16.186771 23632.685547
186500 16.186771 23632.685547
187000 16.186771 23632.685547
187500 16.186771 23632.685547
188000 16.186771 23632.685547
188500 16.186771 23632.685547
189000 16.186771 23632.685547
189500 16.186771 23632.685547
190000 16.186771 23632.685547
190500 16.186771 23632.685547
191000 16.186771 23632.685547
191500 16.186771 23632.685547
192000 16.186771 23632.685547
192500 16.186771 23632.685547
193000 16.186771 23632.685547
193500 16.186771 23632.685547
194000 16.186771 23632.685547
194500 16.186771 23632.685547
195000 16.186771 23632.685547
195500 16.186771 23632.685547
196000 16.186771 23632.685547
196500 16.310095 23812.738281
197000 16.310095 23812.738281
197500 16.310095 23812.738281
198000 16.310095 23812.738281
198500 16.310095 23812.738281
199000 16.310095 23812.738281
199500 16.310095 23812.738281
200000 16.310095 23812.738281
200500 16.310095 23812.738281
201000 16.310095 23812.738281
201500 16.310095 23812.738281
202000 16.310095 23812.738281
202500 16.310095 23812.738281
203000 16.310095 23812.738281
203500 16.310095 23812.738281
204000 16.310095 23812.738281
204500 16.310095 23812.738281
205000 16.310095 23812.738281
205500 16.310095 23812.738281
206000 16.310095 23812.738281
206500 16.310095 23812.738281
207000 16.310095 23812.738281
207500 16.310095 23812.738281
208000 16.310095 23812.738281
208500 16.310095 23812.738281
209000 16.310095 23812.738281
209500 16.310095 23812.738281
210000 16.310095 23812.738281
210500 16.310095 23812.738281
211000 16.310095 23812.738281
211500 16.310095 23812.738281
212000 16.310095 23812.738281
212500 16.310095 23812.738281
213000 16.310095 23812.738281
213500 16.310095 23812.738281
214000 16.310095 23812.738281
214500 16.310095 23812.738281
215000 16.310095 23812.738281
215500 16.310095 23812.738281
216000 16.310095 23812.738281
216500 16.310095 23812.738281
217000 16.310095 23812.738281
217500 16.310095 23812.738281
218000 16.310095 23812.738281
218500 16.310095 23812.738281
219000 16.310095 23812.738281
219500 16.310095 23812.738281
220000 16.310095 23812.738281
220500 16.310095 23812.738281
221000 16.310095 23812.738281
221500 16.310095 23812.738281
222000 16.310095 23812.738281
222500 16.310095 23812.738281
223000 16.310095 23812.738281
223500 16.310095 23812.738281
224000 16.310095 23812.738281
224500 16.310095 23812.738281
225000 16.310095 23812.738281
225500 16.310095 23812.738281
226000 16.310095 23812.738281
226500 16.310095 23812.738281
227000 16.310095 23812.738281
227500 16.310095 23812.738281
228000 16.310095 23812.738281
228500 16.310095 23812.738281
229000 16.310095 23812.738281
229500 16.310095 23812.738281
230000 16.310095 23812.738281
230500 16.310095 23812.738281
231000 16.310095 23812.738281
231500 16.310095 23812.738281
232000 16.310095 23812.738281
232500 16.310095 23812.738281
233000 16.310095 23812.738281
233500 16.310095 23812.738281
234000 16.310095 23812.738281
234500 16.310095 23812.738281
235000 16.310095 23812.738281
235500 16.310095 23812.738281
236000 16.310095 23812.738281
236500 16.310095 23812.738281
237000 16.310095 23812.738281
237500 16.310095 23812.738281
238000 16.310095 23812.738281
238500 16.310095 23812.738281
239000 16.310095 23812.738281
239500 16.310095 23812.738281
240000 16.310095 23812.738281
240500 16.734543 24432.431641
241000 16.734543 24432.431641
241500 16.734543 24432.431641
242000 16.734543 24432.431641
242500 16.734543 24432.431641
243000 16.734543 24432.431641
243500 16.734543 24432.431641
244000 16.734543 24432.431641
244500 16.734543 24432.431641
245000 16.734543 24432.431641
245500 16.734543 24432.431641
246000 16.734543 24432.431641
246500 16.734543 24432.431641
247000 16.734543 24432.431641
247500 16.734543 24432.431641
248000 16.734543 24432.431641
248500 16.734543 24432.431641
249000 16.734543 24432.431641
249500 16.734543 24432.431641
250000 16.734543 24432.431641
250500 16.734543 24432.431641
251000 16.734543 24432.431641
251500 16.734543 24432.431641
252000 16.734543 24432.431641
252500 16.734543 24432.431641
253000 16.734543 24432.431641
253500 16.734543 24432.431641
254000 16.734543 24432.431641
254500 16.734543 24432.431641
255000 16.734543 24432.431641
255500 16.734543 24432.431641
256000 16.734543 24432.431641
256500 16.734543 24432.431641
257000 16.734543 24432.431641
257500 16.734543 24432.431641
258000 16.734543 24432.431641
258500 16.734543 24432.431641
259000 16.734543 24432.431641
259500 16.734543 24432.431641
260000 16.734543 24432.431641
260500 16.734543 24432.431641
261000 16.734543 24432.431641
261500 16.734543 24432.431641
262000 16.734543 24432.431641
262500 16.734543 24432.431641
263000 16.734543 24432.431641
263500 16.734543 24432.431641
264000 16.734543 24432.431641
264500 16.734543 24432.431641
265000 16.734543 24432.431641
265500 16.734543 24432.431641
266000 16.734543 24432.431641
266500 16.734543 24432.431641
267000 16.734543 24432.431641
267500 16.734543 24432.431641
268000 16.734543 24432.431641
268500 16.734543 24432.431641
269000 16.734543 24432.431641
269500 16.734543 24432.431641
270000 16.734543 24432.431641
270500 16.734543 24432.431641
271000 16.734543 24432.431641
271500 16.734543 24432.431641
272000 16.734543 24432.431641
272500 16.734543 24432.431641
273000 16.734543 24432.431641
273500 16.734543 24432.431641
274000 16.734543 24432.431641
274500 16.734543 24432.431641
275000 16.734543 24432.431641
275500 16.734543 24432.431641
276000 16.734543 24432.431641
276500 16.734543 24432.431641
277000 16.734543 24432.431641
277500 16.734543 24432.431641
278000 16.734543 24432.431641
278500 16.734543 24432.431641
279000 16.734543 24432.431641
279500 17.148453 25036.740234
280000 17.148453 25036.740234
280500 17.148453 25036.740234
281000 17.148453 25036.740234
281500 17.148453 25036.740234
282000 17.148453 25036.740234
282500 17.148453 25036.740234
283000 17.148453 25036.740234
283500 17.148453 25036.740234
284000 17.148453 25036.740234
284500 17.148453 25036.740234
285000 17.148453 25036.740234
285500 17.148453 25036.740234
286000 17.148453 25036.740234
286500 17.148453 25036.740234
287000 17.148453 25036.740234
287500 17.148453 25036.740234
288000 17.148453 25036.740234
288500 17.148453 25036.740234
289000 17.148453 25036.740234
289500 17.148453 25036.740234
290000 17.148453 25036.740234
290500 17.148453 25036.740234
291000 17.148453 25036.740234
291500 17.148453 25036.740234
292000 17.148453 25036.740234
292500 17.148453 25036.740234
293000 17.148453 25036.740234
293500 17.148453 25036.740234
294000 17.148453 25036.740234
294500 17.148453 25036.740234
295000 17.148453 25036.740234
295500 17.148453 25036.740234
296000 17.148453 25036.740234
296500 17.148453 25036.740234
297000 17.148453 25036.740234
297500 17.148453 25036.740234
298000 17.148453 25036.740234
298500 17.148453 25036.740234
299000 17.148453 25036.740234
299500 17.148453 25036.740234
300000 17.148453 25036.740234
300500 17.148453 25036.740234
301000 17.148453 25036.740234
301500 17.148453 25036.740234
302000 17.148453 25036.740234
302500 17.148453 25036.740234
303000 17.148453 25036.740234
303500 17.148453 25036.740234
304000 17.148453 25036.740234
304500 17.148453 25036.740234
305000 17.148453 25036.740234
305500 17.148453 25036.740234
306000 17.148453 25036.740234
306500 17.148453 25036.740234
307000 17.148453 25036.740234
307500 17.148453 25036.740234
308000 17.148453 25036.740234
308500 17.148453 25036.740234
309000 17.148453 25036.740234
309500 17.148453 25036.740234
310000 17.148453 25036.740234
310500 17.148453 25036.740234
311000 17.148453 25036.740234
311500 17.148453 25036.740234
312000 17.148453 25036.740234
312500 17.148453 25036.740234
313000 17.148453 25036.740234
313500 17.148453 25036.740234
314000 17.148453 25036.740234
314500 17.148453 25036.740234
315000 17.148453 25036.740234
315500 17.148453 25036.740234
316000 17.148453 25036.740234
316500 17.148453 25036.740234
317000 17.148453 25036.740234
317500 17.148453 25036.740234
318000 17.148453 25036.740234
318500 17.148453 25036.740234
319000 17.148453 25036.740234
319500 17.148453 25036.740234
320000 17.148453 25036.740234
320500 17.148453 25036.740234
321000 17.148453 25036.740234
321500 17.148453 25036.740234
322000 17.552570 25626.751953
322500 17.552570 25626.751953
323000 17.552570 25626.751953
323500 17.552570 25626.751953
324000 17.552570 25626.751953
324500 17.552570 25626.751953
325000 17.552570 25626.751953
325500 17.552570 25626.751953
326000 17.552570 25626.751953
326500 17.552570 25626.751953
327000 17.552570 25626.751953
327500 17.552570 25626.751953
328000 17.552570 25626.751953
328500 17.552570 25626.751953
329000 17.552570 25626.751953
329500 17.552570 25626.751953
330000 17.552570 25626.751953
330500 17.552570 25626.751953
331000 17.552570 25626.751953
331500 17.552570 25626.751953
332000 17.552570 25626.751953
332500 17.552570 25626.751953
333000 17.552570 25626.751953
333500 17.552570 25626.751953
334000 17.552570 25626.751953
334500 17.552570 25626.751953
335000 17.552570 25626.751953
335500 17.552570 25626.751953
336000 17.552570 25626.751953
336500 17.552570 25626.751953
337000 17.552570 25626.751953
337500 17.552570 25626.751953
338000 17.552570 25626.751953
338500 17.552570 25626.751953
339000 17.552570 25626.751953
339500 17.552570 25626.751953
340000 17.552570 25626.751953
340500 17.552570 25626.751953
341000 17.552570 25626.751953
341500 17.552570 25626.751953
342000 17.552570 25626.751953
342500 17.552570 25626.751953
343000 17.552570 25626.751953
343500 17.552570 25626.751953
344000 17.552570 25626.751953
344500 17.552570 25626.751953
345000 17.552570 25626.751953
345500 17.552570 25626.751953
346000 17.552570 25626.751953
346500 17.552570 25626.751953
347000 17.552570 25626.751953
347500 17.552570 25626.751953
348000 17.552570 25626.751953
348500 17.552570 25626.751953
349000 17.552570 25626.751953
349500 17.552570 25626.751953
350000 17.552570 25626.751953
350500 17.552570 25626.751953
351000 17.552570 25626.751953
351500 17.552570 25626.751953
352000 17.552570 25626.751953
352500 17.552570 25626.751953
353000 17.552570 25626.751953
353500 17.552570 25626.751953
354000 17.552570 25626.751953
354500 17.552570 25626.751953
355000 17.552570 25626.751953
355500 17.552570 25626.751953
356000 17.552570 25626.751953
356500 17.552570 25626.751953
357000 17.552570 25626.751953
357500 17.552570 25626.751953
358000 17.552570 25626.751953
358500 17.552570 25626.751953
359000 17.552570 25626.751953
359500 17.552570 25626.751953
360000 17.552570 25626.751953
360500 17.552570 25626.751953
361000 17.552570 25626.751953
361500 17.552570 25626.751953
362000 17.552570 25626.751953
362500 17.552570 25626.751953
363000 17.552570 25626.751953
363500 17.552570 25626.751953
364000 17.552570 25626.751953
364500 17.552570 25626.751953
365000 17.552570 25626.751953
365500 17.552570 25626.751953
366000 17.609543 25709.931641
366500 17.947563 26203.441406
367000 17.947563 26203.441406
367500 17.947563 26203.441406
368000 17.947563 26203.441406
368500 17.947563 26203.441406
369000 17.947563 26203.441406
369500 17.947563 26203.441406
370000 17.947563 26203.441406
370500 17.947563 26203.441406
371000 17.947563 26203.441406
371500 17.947563 26203.441406
372000 17.947563 26203.441406
372500 17.947563 26203.441406
373000 17.947563 26203.441406
373500 17.947563 26203.441406
374000 17.947563 26203.441406
374500 17.947563 26203.441406
375000 17.947563 26203.441406
375500 17.947563 26203.441406
376000 17.947563 26203.441406
376500 17.947563 26203.441406
377000 17.947563 26203.441406
377500 17.947563 26203.441406
378000 17.947563 26203.441406
378500 17.947563 26203.441406
379000 17.947563 26203.441406
379500 17.947563 26203.441406
380000 17.947563 26203.441406
380500 17.947563 26203.441406
381000 17.947563 26203.441406
381500 17.947563 26203.441406
382000 17.947563 26203.441406
382500 17.947563 26203.441406
383000 17.947563 26203.441406
383500 17.947563 26203.441406
384000 17.947563 26203.441406
384500 17.947563 26203.441406
385000 17.947563 26203.441406
385500 17.947563 26203.441406
386000 17.947563 26203.441406
386500 17.947563 26203.441406
387000 17.947563 26203.441406
387500 17.947563 26203.441406
388000 17.947563 26203.441406
388500 17.947563 26203.441406
389000 17.947563 26203.441406
389500 17.947563 26203.441406
390000 17.947563 26203.441406
390500 17.947563 26203.441406
391000 17.947563 26203.441406
391500 17.947563 26203.441406
392000 17.947563 26203.441406
392500 17.947563 26203.441406
393000 17.947563 26203.441406
393500 17.947563 26203.441406
394000 17.947563 26203.441406
394500 17.947563 26203.441406
395000 17.947563 26203.441406
395500 17.947563 26203.441406
396000 17.947563 26203.441406
396500 17.947563 26203.441406
397000 17.947563 26203.441406
397500 17.947563 26203.441406
398000 17.947563 26203.441406
398500 17.947563 26203.441406
399000 17.947563 26203.441406
399500 17.947563 26203.441406
400000 17.947563 26203.441406
400500 17.947563 26203.441406
401000 17.947563 26203.441406
401500 17.947563 26203.441406
402000 17.947563 26203.441406
402500 17.947563 26203.441406
403000 17.947563 26203.441406
403500 17.947563 26203.441406
404000 17.947563 26203.441406
404500 17.947563 26203.441406
405000 17.947563 26203.441406
405500 17.947563 26203.441406
406000 17.947563 26203.441406
406500 17.947563 26203.441406
407000 17.947563 26203.441406
407500 17.947563 26203.441406
408000 17.947563 26203.441406
408500 17.947563 26203.441406
409000 17.947563 26203.441406
409500 17.947563 26203.441406
410000 17.947563 26203.441406
410500 18.334021 26767.669922
411000 18.334021 26767.669922
411500 18.334021 26767.669922
412000 18.334021 26767.669922
412500 18.334021 26767.669922
413000 18.334021 26767.669922
413500 18.334021 26767.669922
414000 18.334021 26767.669922
414500 18.334021 26767.669922
415000 18.334021 26767.669922
415500 18.334021 26767.669922
416000 18.334021 26767.669922
416500 18.334021 26767.669922
417000 18.334021 26767.669922
417500 18.334021 26767.669922
418000 18.334021 26767.669922
418500 18.334021 26767.669922
419000 18.334021 26767.669922
419500 18.334021 26767.669922
420000 18.334021 26767.669922
420500 18.334021 26767.669922
421000 18.334021 26767.669922
421500 18.334021 26767.669922
422000 18.334021 26767.669922
422500 18.334021 26767.669922
423000 18.334021 26767.669922
423500 18.334021 26767.669922
424000 18.334021 26767.669922
424500 18.334021 26767.669922
425000 18.334021 26767.669922
425500 18.334021 26767.669922
426000 18.334021 26767.669922
426500 18.334021 26767.669922
427000 18.334021 26767.669922
427500 18.334021 26767.669922
428000 18.334021 26767.669922
428500 18.334021 26767.669922
429000 18.334021 26767.669922
429500 18.334021 26767.669922
430000 18.334021 26767.669922
430500 18.334021 26767.669922
431000 18.334021 26767.669922
431500 18.334021 26767.669922
432000 18.334021 26767.669922
432500 18.334021 26767.669922
433000 18.334021 26767.669922
433500 18.334021 26767.669922
434000 18.334021 26767.669922
434500 18.334021 26767.669922
435000 18.334021 26767.669922
435500 18.334021 26767.669922
436000 18.334021 26767.669922
436500 18.334021 26767.669922
437000 18.334021 26767.669922
437500 18.334021 26767.669922
438000 18.334021 26767.669922
438500 18.334021 26767.669922
439000 18.334021 26767.669922
439500 18.334021 26767.669922
440000 18.334021 26767.669922
440500 18.334021 26767.669922
441000 18.334021 26767.669922
441500 18.334021 26767.669922
442000 18.334021 26767.669922
442500 18.334021 26767.669922
443000 18.334021 26767.669922
443500 18.334021 26767.669922
444000 18.334021 26767.669922
444500 18.334021 26767.669922
445000 18.334021 26767.669922
445500 18.334021 26767.669922
446000 18.334021 26767.669922
446500 18.334021 26767.669922
447000 18.334021 26767.669922
447500 18.334021 26767.669922
448000 18.334021 26767.669922
448500 18.334021 26767.669922
449000 18.334021 26767.669922
449500 18.334021 26767.669922
450000 18.334021 26767.669922
450500 18.334021 26767.669922
451000 18.334021 26767.669922
451500 18.334021 26767.669922
452000 18.334021 26767.669922
452500 18.334021 26767.669922
453000 18.334021 26767.669922
453500 18.334021 26767.669922
454000 18.712479 27320.218750
454500 18.712479 27320.218750
455000 18.712479 27320.218750
455500 18.712479 27320.218750
456000 18.712479 27320.218750
456500 18.712479 27320.218750
457000 18.712479 27320.218750
457500 18.712479 27320.218750
458000 18.712479 27320.218750
458500 18.712479 27320.218750
459000 18.712479 27320.218750
459500 18.712479 27320.218750
460000 18.712479 27320.218750
460500 18.712479 27320.218750
461000 18.712479 27320.218750
461500 18.712479 27320.218750
462000 18.712479 27320.218750
462500 18.712479 27320.218750
463000 18.712479 27320.218750
463500 18.712479 27320.218750
464000 18.712479 27320.218750
464500 18.712479 27320.218750
465000 18.712479 27320.218750
465500 18.712479 27320.218750
466000 18.712479 27320.218750
466500 18.712479 27320.218750
467000 18.712479 27320.218750
467500 18.712479 27320.218750
468000 18.712479 27320.218750
468500 18.712479 27320.218750
469000 18.712479 27320.218750
469500 18.712479 27320.218750
470000 18.712479 27320.218750
470500 18.712479 27320.218750
471000 18.712479 27320.218750
471500 18.712479 27320.218750
472000 18.712479 27320.218750
472500 18.712479 27320.218750
473000 18.712479 27320.218750
473500 18.712479 27320.218750
474000 18.712479 27320.218750
474500 18.712479 27320.218750
475000 18.712479 27320.218750
475500 18.712479 27320.218750
476000 18.712479 27320.218750
476500 18.712479 27320.218750
477000 18.712479 27320.218750
477500 18.712479 27320.218750
478000 18.712479 27320.218750
478500 18.712479 27320.218750
479000 18.712479 27320.218750
479500 18.712479 27320.218750
480000 18.712479 27320.218750
480500 18.712479 27320.218750
481000 18.712479 27320.218750
481500 18.712479 27320.218750
482000 18.712479 27320.218750
482500 18.712479 27320.218750
483000 18.712479 27320.218750
483500 18.712479 27320.218750
484000 18.712479 27320.218750
484500 18.712479 27320.218750
485000 18.712479 27320.218750
485500 18.712479 27320.218750
486000 18.712479 27320.218750
486500 18.712479 27320.218750
487000 18.712479 27320.218750
487500 18.712479 27320.218750
488000 18.712479 27320.218750
488500 18.712479 27320.218750
489000 18.819206 27476.041016
489500 19.083408 27861.775391
490000 19.083408 27861.775391
490500 19.083408 27861.775391
491000 19.083408 27861.775391
491500 19.083408 27861.775391
492000 19.083408 27861.775391
492500 19.083408 27861.775391
493000 19.083408 27861.775391
493500 19.083408 27861.775391
494000 19.083408 27861.775391
494500 19.083408 27861.775391
495000 19.083408 27861.775391
495500 19.083408 27861.775391
496000 19.083408 27861.775391
496500 19.083408 27861.775391
497000 19.083408 27861.775391
497500 19.083408 27861.775391
498000 19.083408 27861.775391
498500 19.083408 27861.775391
499000 19.083408 27861.775391
499500 19.083408 27861.775391
500000 19.083408 27861.775391
500500 19.083408 27861.775391
501000 19.083408 27861.775391
501500 19.083408 27861.775391
502000 19.083408 27861.775391
502500 19.083408 27861.775391
503000 19.083408 27861.775391
503500 19.083408 27861.775391
504000 19.083408 27861.775391
504500 19.083408 27861.775391
505000 19.083408 27861.775391
505500 19.083408 27861.775391
506000 19.083408 27861.775391
506500 19.083408 27861.775391
507000 19.083408 27861.775391
507500 19.083408 27861.775391
508000 19.083408 27861.775391
508500 19.083408 27861.775391
509000 19.083408 27861.775391
509500 19.083408 27861.775391
510000 19.083408 27861.775391
510500 19.083408 27861.775391
511000 19.083408 27861.775391
511500 19.083408 27861.775391
512000 19.083408 27861.775391
512500 19.083408 27861.775391
513000 19.083408 27861.775391
513500 19.083408 27861.775391
514000 19.083408 27861.775391
514500 19.083408 27861.775391
515000 19.083408 27861.775391
515500 19.083408 27861.775391
516000 19.083408 27861.775391
516500 19.083408 27861.775391
517000 19.083408 27861.775391
517500 19.083408 27861.775391
518000 19.083408 27861.775391
518500 19.083408 27861.775391
519000 19.083408 27861.775391
519500 19.083408 27861.775391
520000 19.083408 27861.775391
520500 19.083408 27861.775391
521000 19.083408 27861.775391
521500 19.083408 27861.775391
522000 19.083408 27861.775391
522500 19.083408 27861.775391
523000 19.083408 27861.775391
523500 19.083408 27861.775391
524000 19.083408 27861.775391
524500 19.083408 27861.775391
525000 19.083408 27861.775391
525500 19.083408 27861.775391
526000 19.083408 27861.775391
526500 19.083408 27861.775391
527000 19.083408 27861.775391
527500 19.083408 27861.775391
528000 19.083408 27861.775391
528500 19.083408 27861.775391
529000 19.083408 27861.775391
529500 19.083408 27861.775391
530000 19.083408 27861.775391
530500 19.083408 27861.775391
531000 19.083408 27861.775391
531500 19.083408 27861.775391
532000 19.447245 28392.976562
532500 19.447245 28392.976562
533000 19.447245 28392.976562
533500 19.447245 28392.976562
534000 19.447245 28392.976562
534500 19.447245 28392.976562
535000 19.447245 28392.976562
535500 19.447245 28392.976562
536000 19.447245 28392.976562
536500 19.447245 28392.976562
537000 19.447245 28392.976562
537500 19.447245 28392.976562
538000 19.447245 28392.976562
538500 19.447245 28392.976562
539000 19.447245 28392.976562
539500 19.447245 28392.976562
540000 19.447245 28392.976562
540500 19.447245 28392.976562
541000 19.447245 28392.976562
541500 19.447245 28392.976562
542000 19.447245 28392.976562
542500 19.447245 28392.976562
543000 19.447245 28392.976562
543500 19.447245 28392.976562
544000 19.447245 28392.976562
544500 19.447245 28392.976562
545000 19.447245 28392.976562
545500 19.447245 28392.976562
546000 19.447245 28392.976562
546500 19.447245 28392.976562
547000 19.447245 28392.976562
547500 19.447245 28392.976562
548000 19.447245 28392.976562
548500 19.447245 28392.976562
549000 19.447245 28392.976562
549500 19.447245 28392.976562
550000 19.447245 28392.976562
550500 19.447245 28392.976562
551000 19.447245 28392.976562
551500 19.447245 28392.976562
552000 19.447245 28392.976562
552500 19.447245 28392.976562
553000 19.447245 28392.976562
553500 19.447245 28392.976562
554000 19.447245 28392.976562
554500 19.447245 28392.976562
555000 19.447245 28392.976562
555500 19.447245 28392.976562
556000 19.447245 28392.976562
556500 19.447245 28392.976562
557000 19.447245 28392.976562
557500 19.447245 28392.976562
558000 19.447245 28392.976562
558500 19.447245 28392.976562
559000 19.447245 28392.976562
559500 19.447245 28392.976562
560000 19.447245 28392.976562
560500 19.447245 28392.976562
561000 19.447245 28392.976562
561500 19.447245 28392.976562
562000 19.447245 28392.976562
562500 19.447245 28392.976562
563000 19.447245 28392.976562
563500 19.447245 28392.976562
564000 19.447245 28392.976562
564500 19.447245 28392.976562
565000 19.447245 28392.976562
565500 19.447245 28392.976562
566000 19.447245 28392.976562
566500 19.447245 28392.976562
567000 19.447245 28392.976562
567500 19.447245 28392.976562
568000 19.447245 28392.976562
568500 19.447245 28392.976562
569000 19.447245 28392.976562
569500 19.447245 28392.976562
570000 19.447245 28392.976562
570500 19.447245 28392.976562
571000 19.447245 28392.976562
571500 19.447245 28392.976562
572000 19.447245 28392.976562
572500 19.447245 28392.976562
573000 19.447245 28392.976562
573500 19.447245 28392.976562
574000 19.447245 28392.976562
574500 19.804382 28914.398438
575000 19.804382 28914.398438
575500 19.804382 28914.398438
576000 19.804382 28914.398438
576500 19.804382 28914.398438
577000 19.804382 28914.398438
577500 19.804382 28914.398438
578000 19.804382 28914.398438
578500 19.804382 28914.398438
579000 19.804382 28914.398438
579500 19.804382 28914.398438
580000 19.804382 28914.398438
580500 19.804382 28914.398438
581000 19.804382 28914.398438
581500 19.804382 28914.398438
582000 19.804382 28914.398438
582500 19.804382 28914.398438
583000 19.804382 28914.398438
583500 19.804382 28914.398438
584000 19.804382 28914.398438
584500 19.804382 28914.398438
585000 19.804382 28914.398438
585500 19.804382 28914.398438
586000 19.804382 28914.398438
586500 19.804382 28914.398438
587000 19.804382 28914.398438
587500 19.804382 28914.398438
588000 19.804382 28914.398438
588500 19.804382 28914.398438
589000 19.804382 28914.398438
589500 19.804382 28914.398438
590000 19.804382 28914.398438
590500 19.804382 28914.398438
591000 19.804382 28914.398438
591500 19.804382 28914.398438
592000 19.804382 28914.398438
592500 19.804382 28914.398438
593000 19.804382 28914.398438
593500 19.804382 28914.398438
594000 19.804382 28914.398438
594500 19.804382 28914.398438
595000 19.804382 28914.398438
595500 19.804382 28914.398438
596000 19.804382 28914.398438
596500 19.804382 28914.398438
597000 19.804382 28914.398438
597500 19.804382 28914.398438
598000 19.804382 28914.398438
598500 19.804382 28914.398438
599000 19.804382 28914.398438
599500 19.804382 28914.398438
600000 19.804382 28914.398438
600500 19.804382 28914.398438
601000 19.804382 28914.398438
601500 19.804382 28914.398438
602000 19.804382 28914.398438
602500 19.804382 28914.398438
603000 19.804382 28914.398438
603500 19.804382 28914.398438
604000 19.804382 28914.398438
604500 19.804382 28914.398438
605000 19.804382 28914.398438
605500 19.804382 28914.398438
606000 19.804382 28914.398438
606500 19.804382 28914.398438
607000 19.804382 28914.398438
607500 19.804382 28914.398438
608000 19.804382 28914.398438
608500 19.804382 28914.398438
609000 19.804382 28914.398438
609500 19.804382 28914.398438
610000 19.804382 28914.398438
610500 19.804382 28914.398438
611000 19.804382 28914.398438
611500 19.804382 28914.398438
612000 19.804382 28914.398438
612500 19.804382 28914.398438
613000 19.804382 28914.398438
613500 19.804382 28914.398438
614000 19.804382 28914.398438
614500 19.804382 28914.398438
615000 19.804382 28914.398438
615500 19.804382 28914.398438
616000 20.155176 29426.556641
616500 20.155176 29426.556641
617000 20.155176 29426.556641
617500 20.155176 29426.556641
618000 20.155176 29426.556641
618500 20.155176 29426.556641
619000 20.155176 29426.556641
619500 20.155176 29426.556641
620000 20.155176 29426.556641
620500 20.155176 29426.556641
621000 20.155176 29426.556641
621500 20.155176 29426.556641
622000 20.155176 29426.556641
622500 20.155176 29426.556641
623000 20.155176 29426.556641
623500 20.155176 29426.556641
624000 20.155176 29426.556641
624500 20.155176 29426.556641
625000 20.155176 29426.556641
625500 20.155176 29426.556641
626000 20.155176 29426.556641
626500 20.155176 29426.556641
627000 20.155176 29426.556641
627500 20.155176 29426.556641
628000 20.155176 29426.556641
628500 20.155176 29426.556641
629000 20.155176 29426.556641
629500 20.155176 29426.556641
630000 20.155176 29426.556641
630500 20.155176 29426.556641
631000 20.155176 29426.556641
631500 20.155176 29426.556641
632000 20.155176 29426.556641
632500 20.155176 29426.556641
633000 20.155176 29426.556641
633500 20.155176 29426.556641
634000 20.155176 29426.556641
634500 20.155176 29426.556641
635000 20.155176 29426.556641
635500 20.155176 29426.556641
636000 20.155176 29426.556641
636500 20.155176 29426.556641
637000 20.155176 29426.556641
637500 20.155176 29426.556641
638000 20.155176 29426.556641
638500 20.155176 29426.556641
639000 20.155176 29426.556641
639500 20.155176 29426.556641
640000 20.155176 29426.556641
640500 20.155176 29426.556641
641000 20.155176 29426.556641
641500 20.155176 29426.556641
642000 20.155176 29426.556641
642500 20.155176 29426.556641
643000 20.155176 29426.556641
643500 20.155176 29426.556641
644000 20.155176 29426.556641
644500 20.155176 29426.556641
645000 20.155176 29426.556641
645500 20.155176 29426.556641
646000 20.155176 29426.556641
646500 20.155176 29426.556641
647000 20.155176 29426.556641
647500 20.155176 29426.556641
648000 20.155176 29426.556641
648500 20.155176 29426.556641
649000 20.155176 29426.556641
649500 20.155176 29426.556641
650000 20.155176 29426.556641
650500 20.155176 29426.556641
651000 20.155176 29426.556641
651500 20.155176 29426.556641
652000 20.155176 29426.556641
652500 20.155176 29426.556641
653000 20.155176 29426.556641
653500 20.155176 29426.556641
654000 20.155176 29426.556641
654500 20.155176 29426.556641
655000 20.155176 29426.556641
655500 20.155176 29426.556641
656000 20.155176 29426.556641
656500 20.155176 29426.556641
657000 20.155176 29426.556641
657500 20.155176 29426.556641
658000 20.155176 29426.556641
658500 20.155176 29426.556641
659000 20.499954 29929.933594
659500 20.499954 29929.933594
660000 20.499954 29929.933594
660500 20.499954 29929.933594
661000 20.499954 29929.933594
661500 20.499954 29929.933594
662000 20.499954 29929.933594
662500 20.499954 29929.933594
663000 20.499954 29929.933594
663500 20.499954 29929.933594
664000 20.499954 29929.933594
664500 20.499954 29929.933594
665000 20.499954 29929.933594
665500 20.499954 29929.933594
666000 20.499954 29929.933594
666500 20.499954 29929.933594
667000 20.499954 29929.933594
667500 20.499954 29929.933594
668000 20.499954 29929.933594
668500 20.499954 29929.933594
669000 20.499954 29929.933594
669500 20.499954 29929.933594
670000 20.499954 29929.933594
670500 20.499954 29929.933594
671000 20.499954 29929.933594
671500 20.499954 29929.933594
672000 20.499954 29929.933594
672500 20.499954 29929.933594
673000 20.499954 29929.933594
673500 20.499954 29929.933594
674000 20.499954 29929.933594
674500 20.499954 29929.933594
675000 20.499954 29929.933594
675500 20.499954 29929.933594
676000 20.499954 29929.933594
676500 20.499954 29929.933594
677000 20.499954 29929.933594
677500 20.499954 29929.933594
678000 20.499954 29929.933594
678500 20.499954 29929.933594
679000 20.499954 29929.933594
679500 20.499954 29929.933594
680000 20.499954 29929.933594
680500 20.499954 29929.933594
681000 20.499954 29929.933594
681500 20.499954 29929.933594
682000 20.499954 29929.933594
682500 20.499954 29929.933594
683000 20.499954 29929.933594
683500 20.499954 29929.933594
684000 20.499954 29929.933594
684500 20.499954 29929.933594
685000 20.499954 29929.933594
685500 20.499954 29929.933594
686000 20.499954 29929.933594
686500 20.499954 29929.933594
687000 20.499954 29929.933594
687500 20.499954 29929.933594
688000 20.499954 29929.933594
688500 20.499954 29929.933594
689000 20.499954 29929.933594
689500 20.499954 29929.933594
690000 20.499954 29929.933594
690500 20.499954 29929.933594
691000 20.499954 29929.933594
691500 20.499954 29929.933594
692000 20.499954 29929.933594
692500 20.499954 29929.933594
693000 20.499954 29929.933594
693500 20.499954 29929.933594
694000 20.499954 29929.933594
694500 20.499954 29929.933594
695000 20.499954 29929.933594
695500 20.499954 29929.933594
696000 20.499954 29929.933594
696500 20.499954 29929.933594
697000 20.499954 29929.933594
697500 20.499954 29929.933594
698000 20.499954 29929.933594
698500 20.499954 29929.933594
699000 20.499954 29929.933594
699500 20.499954 29929.933594
700000 20.499954 29929.933594
700500 20.499954 29929.933594
701000 20.499954 29929.933594
701500 20.499954 29929.933594
702000 20.499954 29929.933594
702500 20.645948 30143.083984
703000 20.839014 30424.960938
703500 20.839014 30424.960938
704000 20.839014 30424.960938
704500 20.839014 30424.960938
705000 20.839014 30424.960938
705500 20.839014 30424.960938
706000 20.839014 30424.960938
706500 20.839014 30424.960938
707000 20.839014 30424.960938
707500 20.839014 30424.960938
708000 20.839014 30424.960938
708500 20.839014 30424.960938
709000 20.839014 30424.960938
709500 20.839014 30424.960938
710000 20.839014 30424.960938
710500 20.839014 30424.960938
711000 20.839014 30424.960938
711500 20.839014 30424.960938
712000 20.839014 30424.960938
712500 20.839014 30424.960938
713000 20.839014 30424.960938
713500 20.839014 30424.960938
714000 20.839014 30424.960938
714500 20.839014 30424.960938
715000 20.839014 30424.960938
715500 20.839014 30424.960938
716000 20.839014 30424.960938
716500 20.839014 30424.960938
717000 20.839014 30424.960938
717500 20.839014 30424.960938
718000 20.839014 30424.960938
718500 20.839014 30424.960938
719000 20.839014 30424.960938
719500 20.839014 30424.960938
720000 20.839014 30424.960938
720500 20.839014 30424.960938
721000 20.839014 30424.960938
721500 20.839014 30424.960938
722000 20.839014 30424.960938
722500 20.839014 30424.960938
723000 20.839014 30424.960938
723500 20.839014 30424.960938
724000 20.839014 30424.960938
724500 20.839014 30424.960938
725000 20.839014 30424.960938
725500 20.839014 30424.960938
726000 20.839014 30424.960938
726500 20.839014 30424.960938
727000 20.839014 30424.960938
727500 20.839014 30424.960938
728000 20.839014 30424.960938
728500 20.839014 30424.960938
729000 20.839014 30424.960938
729500 20.839014 30424.960938
730000 20.839014 30424.960938
730500 20.839014 30424.960938
731000 20.839014 30424.960938
731500 20.839014 30424.960938
732000 20.839014 30424.960938
732500 20.839014 30424.960938
733000 20.839014 30424.960938
733500 20.839014 30424.960938
734000 20.839014 30424.960938
734500 20.839014 30424.960938
735000 20.839014 30424.960938
735500 20.839014 30424.960938
736000 20.839014 30424.960938
736500 20.839014 30424.960938
737000 20.839014 30424.960938
737500 20.839014 30424.960938
738000 20.839014 30424.960938
738500 20.839014 30424.960938
739000 20.839014 30424.960938
739500 20.839014 30424.960938
740000 20.839014 30424.960938
740500 20.839014 30424.960938
741000 20.839014 30424.960938
741500 20.839014 30424.960938
742000 20.839014 30424.960938
742500 20.839014 30424.960938
743000 20.839014 30424.960938
743500 20.839014 30424.960938
744000 20.839014 30424.960938
744500 20.839014 30424.960938
745000 20.839014 30424.960938
745500 20.839014 30424.960938
746000 21.172634 30912.044922
746500 21.172634 30912.044922
747000 21.172634 30912.044922
747500 21.172634 30912.044922
748000 21.172634 30912.044922
748500 21.172634 30912.044922
749000 21.172634 30912.044922
749500 21.172634 30912.044922
750000 21.172634 30912.044922
750500 21.172634 30912.044922
751000 21.172634 30912.044922
751500 21.172634 30912.044922
752000 21.172634 30912.044922
752500 21.172634 30912.044922
753000 21.172634 30912.044922
753500 21.172634 30912.044922
754000 21.172634 30912.044922
754500 21.172634 30912.044922
755000 21.172634 30912.044922
755500 21.172634 30912.044922
756000 21.172634 30912.044922
756500 21.172634 30912.044922
757000 21.172634 30912.044922
757500 21.172634 30912.044922
758000 21.172634 30912.044922
758500 21.172634 30912.044922
759000 21.172634 30912.044922
759500 21.172634 30912.044922
760000 21.172634 30912.044922
760500 21.172634 30912.044922
761000 21.172634 30912.044922
761500 21.172634 30912.044922
762000 21.172634 30912.044922
762500 21.172634 30912.044922
763000 21.172634 30912.044922
763500 21.172634 30912.044922
764000 21.172634 30912.044922
764500 21.172634 30912.044922
765000 21.172634 30912.044922
765500 21.172634 30912.044922
766000 21.172634 30912.044922
766500 21.172634 30912.044922
767000 21.172634 30912.044922
767500 21.172634 30912.044922
768000 21.172634 30912.044922
768500 21.172634 30912.044922
769000 21.172634 30912.044922
769500 21.172634 30912.044922
770000 21.172634 30912.044922
770500 21.172634 30912.044922
771000 21.172634 30912.044922
771500 21.172634 30912.044922
772000 21.172634 30912.044922
772500 21.172634 30912.044922
773000 21.172634 30912.044922
773500 21.172634 30912.044922
774000 21.172634 30912.044922
774500 21.172634 30912.044922
775000 21.172634 30912.044922
775500 21.172634 30912.044922
776000 21.172634 30912.044922
776500 21.172634 30912.044922
777000 21.172634 30912.044922
777500 21.172634 30912.044922
778000 21.172634 30912.044922
778500 21.172634 30912.044922
779000 21.172634 30912.044922
779500 21.172634 30912.044922
780000 21.172634 30912.044922
780500 21.172634 30912.044922
781000 21.172634 30912.044922
781500 21.172634 30912.044922
782000 21.172634 30912.044922
782500 21.172634 30912.044922
783000 21.172634 30912.044922
783500 21.172634 30912.044922
784000 21.172634 30912.044922
784500 21.172634 30912.044922
785000 21.172634 30912.044922
785500 21.172634 30912.044922
786000 21.172634 30912.044922
786500 21.172634 30912.044922
787000 21.501066 31391.556641
787500 21.501066 31391.556641
788000 21.501066 31391.556641
788500 21.501066 31391.556641
789000 21.501066 31391.556641
789500 21.501066 31391.556641
790000 21.501066 31391.556641
790500 21.501066 31391.556641
791000 21.501066 31391.556641
791500 21.501066 31391.556641
792000 21.501066 31391.556641
792500 21.501066 31391.556641
793000 21.501066 31391.556641
793500 21.501066 31391.556641
794000 21.501066 31391.556641
794500 21.501066 31391.556641
795000 21.501066 31391.556641
795500 21.501066 31391.556641
796000 21.501066 31391.556641
796500 21.501066 31391.556641
797000 21.501066 31391.556641
797500 21.501066 31391.556641
798000 21.501066 31391.556641
798500 21.501066 31391.556641
799000 21.501066 31391.556641
799500 21.501066 31391.556641
800000 21.501066 31391.556641
800500 21.501066 31391.556641
801000 21.501066 31391.556641
801500 21.501066 31391.556641
802000 21.501066 31391.556641
802500 21.501066 31391.556641
803000 21.501066 31391.556641
803500 21.501066 31391.556641
804000 21.501066 31391.556641
804500 21.501066 31391.556641
805000 21.501066 31391.556641
805500 21.501066 31391.556641
806000 21.501066 31391.556641
806500 21.501066 31391.556641
807000 21.501066 31391.556641
807500 21.501066 31391.556641
808000 21.501066 31391.556641
808500 21.501066 31391.556641
809000 21.501066 31391.556641
809500 21.501066 31391.556641
810000 21.501066 31391.556641
810500 21.501066 31391.556641
811000 21.501066 31391.556641
811500 21.501066 31391.556641
812000 21.501066 31391.556641
812500 21.501066 31391.556641
813000 21.501066 31391.556641
813500 21.501066 31391.556641
814000 21.501066 31391.556641
814500 21.501066 31391.556641
815000 21.501066 31391.556641
815500 21.501066 31391.556641
816000 21.501066 31391.556641
816500 21.501066 31391.556641
817000 21.501066 31391.556641
817500 21.501066 31391.556641
818000 21.501066 31391.556641
818500 21.501066 31391.556641
819000 21.501066 31391.556641
819500 21.501066 31391.556641
820000 21.501066 31391.556641
820500 21.501066 31391.556641
821000 21.501066 31391.556641
821500 21.501066 31391.556641
822000 21.501066 31391.556641
822500 21.501066 31391.556641
823000 21.501066 31391.556641
823500 21.501066 31391.556641
824000 21.501066 31391.556641
824500 21.501066 31391.556641
825000 21.501066 31391.556641
825500 21.501066 31391.556641
826000 21.501066 31391.556641
826500 21.501066 31391.556641
827000 21.501066 31391.556641
827500 21.501066 31391.556641
828000 21.501066 31391.556641
828500 21.501066 31391.556641
829000 21.501066 31391.556641
829500 21.501066 31391.556641
830000 21.824545 31863.835938
830500 21.824545 31863.835938
831000 21.824545 31863.835938
831500 21.824545 31863.835938
832000 21.824545 31863.835938
832500 21.824545 31863.835938
833000 21.824545 31863.835938
833500 21.824545 31863.835938
834000 21.824545 31863.835938
834500 21.824545 31863.835938
835000 21.824545 31863.835938
835500 21.824545 31863.835938
836000 21.824545 31863.835938
836500 21.824545 31863.835938
837000 21.824545 31863.835938
837500 21.824545 31863.835938
838000 21.824545 31863.835938
838500 21.824545 31863.835938
839000 21.824545 31863.835938
839500 21.824545 31863.835938
840000 21.824545 31863.835938
840500 21.824545 31863.835938
841000 21.824545 31863.835938
841500 21.824545 31863.835938
842000 21.824545 31863.835938
842500 21.824545 31863.835938
843000 21.824545 31863.835938
843500 21.824545 31863.835938
844000 21.824545 31863.835938
844500 21.824545 31863.835938
845000 21.824545 31863.835938
845500 21.824545 31863.835938
846000 21.824545 31863.835938
846500 21.824545 31863.835938
847000 21.824545 31863.835938
847500 21.824545 31863.835938
848000 21.824545 31863.835938
848500 21.824545 31863.835938
849000 21.824545 31863.835938
849500 21.824545 31863.835938
850000 21.824545 31863.835938
850500 21.824545 31863.835938
851000 21.824545 31863.835938
851500 21.824545 31863.835938
852000 21.824545 31863.835938
852500 21.824545 31863.835938
853000 21.824545 31863.835938
853500 21.824545 31863.835938
854000 21.824545 31863.835938
854500 21.824545 31863.835938
855000 21.824545 31863.835938
855500 21.824545 31863.835938
856000 21.824545 31863.835938
856500 21.824545 31863.835938
857000 21.824545 31863.835938
857500 21.824545 31863.835938
858000 21.824545 31863.835938
858500 21.824545 31863.835938
859000 21.824545 31863.835938
859500 21.824545 31863.835938
860000 21.824545 31863.835938
860500 21.824545 31863.835938
861000 22.143291 32329.205078
861500 22.143291 32329.205078
862000 22.143291 32329.205078
862500 22.143291 32329.205078
863000 22.143291 32329.205078
863500 22.143291 32329.205078
864000 22.143291 32329.205078
864500 22.143291 32329.205078
865000 22.143291 32329.205078
865500 22.143291 32329.205078
866000 22.143291 32329.205078
866500 22.143291 32329.205078
867000 22.143291 32329.205078
867500 22.143291 32329.205078
868000 22.143291 32329.205078
868500 22.143291 32329.205078
869000 22.143291 32329.205078
869500 22.143291 32329.205078
870000 22.143291 32329.205078
870500 22.143291 32329.205078
871000 22.143291 32329.205078
871500 22.143291 32329.205078
872000 22.143291 32329.205078
872500 22.143291 32329.205078
873000 22.143291 32329.205078
873500 22.143291 32329.205078
874000 22.143291 32329.205078
874500 22.143291 32329.205078
875000 22.143291 32329.205078
875500 22.143291 32329.205078
876000 22.143291 32329.205078
876500 22.143291 32329.205078
877000 22.143291 32329.205078
877500 22.143291 32329.205078
878000 22.143291 32329.205078
878500 22.143291 32329.205078
879000 22.143291 32329.205078
879500 22.143291 32329.205078
880000 22.143291 32329.205078
880500 22.143291 32329.205078
881000 22.143291 32329.205078
881500 22.143291 32329.205078
882000 22.143291 32329.205078
882500 22.143291 32329.205078
883000 22.143291 32329.205078
883500 22.143291 32329.205078
884000 22.143291 32329.205078
884500 22.143291 32329.205078
885000 22.143291 32329.205078
885500 22.143291 32329.205078
886000 22.143291 32329.205078
886500 22.143291 32329.205078
887000 22.143291 32329.205078
887500 22.143291 32329.205078
888000 22.143291 32329.205078
888500 22.143291 32329.205078
889000 22.143291 32329.205078
889500 22.143291 32329.205078
890000 22.143291 32329.205078
890500 22.143291 32329.205078
891000 22.143291 32329.205078
891500 22.143291 32329.205078
892000 22.143291 32329.205078
892500 22.143291 32329.205078
893000 22.143291 32329.205078
893500 22.143291 32329.205078
894000 22.143291 32329.205078
894500 22.143291 32329.205078
895000 22.143291 32329.205078
895500 22.143291 32329.205078
896000 22.143291 32329.205078
896500 22.143291 32329.205078
897000 22.143291 32329.205078
897500 22.143291 32329.205078
898000 22.143291 32329.205078
898500 22.143291 32329.205078
899000 22.457502 32787.953125
899500 22.457502 32787.953125
900000 22.457502 32787.953125
900500 22.457502 32787.953125
901000 22.457502 32787.953125
901500 22.457502 32787.953125
902000 22.457502 32787.953125
902500 22.457502 32787.953125
903000 22.457502 32787.953125
903500 22.457502 32787.953125
904000 22.457502 32787.953125
904500 22.457502 32787.953125
905000 22.457502 32787.953125
905500 22.457502 32787.953125
906000 22.457502 32787.953125
906500 22.457502 32787.953125
907000 22.457502 32787.953125
907500 22.457502 32787.953125
908000 22.457502 32787.953125
908500 22.457502 32787.953125
909000 22.457502 32787.953125
909500 22.457502 32787.953125
910000 22.457502 32787.953125
910500 22.457502 32787.953125
911000 22.457502 32787.953125
911500 22.457502 32787.953125
912000 22.457502 32787.953125
912500 22.457502 32787.953125
913000 22.457502 32787.953125
913500 22.457502 32787.953125
914000 22.457502 32787.953125
914500 22.457502 32787.953125
915000 22.457502 32787.953125
915500 22.457502 32787.953125
916000 22.457502 32787.953125
916500 22.457502 32787.953125
917000 22.457502 32787.953125
917500 22.457502 32787.953125
918000 22.457502 32787.953125
918500 22.457502 32787.953125
919000 22.457502 32787.953125
919500 22.457502 32787.953125
920000 22.457502 32787.953125
920500 22.457502 32787.953125
921000 22.457502 32787.953125
921500 22.457502 32787.953125
922000 22.457502 32787.953125
922500 22.457502 32787.953125
923000 22.457502 32787.953125
923500 22.457502 32787.953125
924000 22.457502 32787.953125
924500 22.457502 32787.953125
925000 22.457502 32787.953125
925500 22.457502 32787.953125
926000 22.457502 32787.953125
926500 22.457502 32787.953125
927000 22.457502 32787.953125
927500 22.457502 32787.953125
928000 22.457502 32787.953125
928500 22.457502 32787.953125
929000 22.457502 32787.953125
929500 22.457502 32787.953125
930000 22.457502 32787.953125
930500 22.457502 32787.953125
931000 22.457502 32787.953125
931500 22.457502 32787.953125
932000 22.457502 32787.953125
932500 22.457502 32787.953125
933000 22.457502 32787.953125
933500 22.457502 32787.953125
934000 22.457502 32787.953125
934500 22.457502 32787.953125
935000 22.457502 32787.953125
935500 22.457502 32787.953125
936000 22.457502 32787.953125
936500 22.457502 32787.953125
937000 22.457502 32787.953125
937500 22.457502 32787.953125
938000 22.457502 32787.953125
938500 22.457502 32787.953125
939000 22.457502 32787.953125
939500 22.457502 32787.953125
940000 22.457502 32787.953125
940500 22.457502 32787.953125
941000 22.457502 32787.953125
941500 22.457502 32787.953125
942000 22.457502 32787.953125
942500 22.767372 33240.363281
943000 22.767372 33240.363281
943500 22.767372 33240.363281
944000 22.767372 33240.363281
944500 22.767372 33240.363281
945000 22.767372 33240.363281
945500 22.767372 33240.363281
946000 22.767372 33240.363281
946500 22.767372 33240.363281
947000 22.767372 33240.363281
947500 22.767372 33240.363281
948000 22.767372 33240.363281
948500 22.767372 33240.363281
949000 22.767372 33240.363281
949500 22.767372 33240.363281
950000 22.767372 33240.363281
950500 22.767372 33240.363281
951000 22.767372 33240.363281
951500 22.767372 33240.363281
952000 22.767372 33240.363281
952500 22.767372 33240.363281
953000 22.767372 33240.363281
953500 22.767372 33240.363281
954000 22.767372 33240.363281
954500 22.767372 33240.363281
955000 22.767372 33240.363281
955500 22.767372 33240.363281
956000 22.767372 33240.363281
956500 22.767372 33240.363281
957000 22.767372 33240.363281
957500 22.767372 33240.363281
958000 22.767372 33240.363281
958500 22.767372 33240.363281
959000 22.767372 33240.363281
959500 22.767372 33240.363281
960000 22.767372 33240.363281
960500 22.767372 33240.363281
961000 22.767372 33240.363281
961500 22.767372 33240.363281
962000 22.767372 33240.363281
962500 22.767372 33240.363281
963000 22.767372 33240.363281
963500 22.767372 33240.363281
964000 22.767372 33240.363281
964500 22.767372 33240.363281
965000 22.767372 33240.363281
965500 22.767372 33240.363281
966000 22.767372 33240.363281
966500 22.767372 33240.363281
967000 22.767372 33240.363281
967500 22.767372 33240.363281
968000 22.767372 33240.363281
968500 22.767372 33240.363281
969000 22.767372 33240.363281
969500 22.767372 33240.363281
970000 22.767372 33240.363281
970500 22.767372 33240.363281
971000 22.767372 33240.363281
971500 22.767372 33240.363281
972000 22.767372 33240.363281
972500 22.767372 33240.363281
973000 22.767372 33240.363281
973500 22.767372 33240.363281
974000 22.767372 33240.363281
974500 22.767372 33240.363281
975000 22.767372 33240.363281
975500 22.767372 33240.363281
976000 22.767372 33240.363281
976500 22.767372 33240.363281
977000 22.767372 33240.363281
977500 22.767372 33240.363281
978000 22.767372 33240.363281
978500 22.767372 33240.363281
979000 22.767372 33240.363281
979500 22.767372 33240.363281
980000 22.767372 33240.363281
980500 22.767372 33240.363281
981000 22.767372 33240.363281
981500 22.767372 33240.363281
982000 22.767372 33240.363281
982500 22.767372 33240.363281
983000 22.767372 33240.363281
983500 22.767372 33240.363281
984000 22.767372 33240.363281
984500 22.767372 33240.363281
985000 22.767372 33240.363281
985500 22.767372 33240.363281
986000 23.073072 33686.687500
986500 23.073072 33686.687500
987000 23.073072 33686.687500
987500 23.073072 33686.687500
988000 23.073072 33686.687500
988500 23.073072 33686.687500
989000 23.073072 33686.687500
989500 23.073072 33686.687500
990000 23.073072 33686.687500
990500 23.073072 33686.687500
991000 23.073072 33686.687500
991500 23.073072 33686.687500
992000 23.073072 33686.687500
992500 23.073072 33686.687500
993000 23.073072 33686.687500
993500 23.073072 33686.687500
994000 23.073072 33686.687500
994500 23.073072 33686.687500
995000 23.073072 33686.687500
995500 23.073072 33686.687500
996000 23.073072 33686.687500
996500 23.073072 33686.687500
997000 23.073072 33686.687500
997500 23.073072 33686.687500
998000 23.073072 33686.687500
998500 23.073072 33686.687500
999000 23.073072 33686.687500
999500 23.073072 33686.687500
1000000 23.073072 33686.687500
